Owari  (1610,1399)  (1576,1421)  (1616,1365)
sz38  (1755,1688)  (1721,1704)  (1789,1667)  (1687,1704)
Izu  (1863,1671)  (1843,1637)  (1851,1717)  (1817,1733)
sz39  (1667,1862)  (1633,1895)  (1633,1861)  (1700,1896)  (1701,1839)  (1631,1827)  (1599,1923)  (1599,1889)  (1734,1873)  (1734,1907)  (1735,1839)  (1597,1855)  (1597,1821)  (1631,1793)  (1591,1787)  (1768,1873)  (1768,1907)  (1769,1839)  (1625,1759)  (1584,1753)  (1802,1873)  (1802,1907)  (1803,1839)
sz34  (1397,1702)  (1363,1735)  (1363,1701)  (1430,1736)  (1397,1668)  (1431,1668)  (1431,1702)  (1361,1667)  (1396,1769)  (1362,1769)  (1329,1735)  (1329,1701)  (1464,1739)  (1430,1770)  (1328,1770)  (1395,1634)  (1429,1634)  (1327,1667)  (1327,1633)  (1361,1633)  (1467,1773)  (1396,1803)  (1362,1803)  (1498,1739)  (1433,1804)  (1328,1804)  (1501,1773)  (1501,1807)  (1467,1807)  (1532,1739)  (1535,1773)  (1535,1807)
sz35  (1506,1443)  (1505,1477)
sz36  (1545,1554)  (1511,1575)  (1511,1541)  (1579,1572)
Bingo  (1053,879)  (1019,912)  (1019,878)  (1059,913)  (1053,845)  (1087,845)  (1040,947)  (1043,811)
sz37  (1571,1662)  (1537,1695)  (1537,1661)  (1604,1696)  (1571,1628)  (1605,1628)  (1605,1662)  (1535,1627)  (1503,1704)  (1503,1670)  (1638,1696)  (1639,1628)  (1639,1662)  (1501,1636)
sz30  (933,1486)  (899,1519)  (899,1485)  (966,1520)  (933,1452)  (967,1452)  (967,1486)  (897,1451)  (932,1553)  (898,1553)  (865,1519)  (865,1485)  (1000,1553)  (966,1554)  (864,1554)  (931,1418)  (965,1418)  (863,1451)  (863,1417)  (897,1417)  (831,1520)  (831,1486)  (830,1584)  (829,1452)  (829,1418)
sz31  (1100,1471)  (1066,1504)  (1066,1470)  (1124,1505)  (1100,1437)  (1064,1436)  (1032,1516)  (1032,1482)  (1175,1516)  (1209,1515)
sz32  (1154,1629)  (1120,1662)  (1120,1628)  (1187,1663)  (1154,1595)  (1188,1595)  (1188,1629)  (1118,1594)  (1153,1696)  (1119,1696)  (1086,1662)  (1086,1628)  (1221,1663)  (1085,1696)  (1152,1561)  (1186,1561)  (1220,1561)  (1222,1610)  (1084,1594)  (1084,1560)  (1118,1560)  (1052,1662)  (1052,1628)  (1255,1644)  (1255,1678)  (1051,1696)  (1256,1610)  (1050,1594)  (1050,1560)
Iyoi  (816,1005)  (782,1014)  (850,980)  (850,1014)  (754,980)  (748,1042)  (884,971)
sz33  (1360,1536)  (1326,1569)  (1326,1535)  (1393,1570)  (1360,1502)  (1394,1505)  (1324,1501)  (1292,1575)  (1292,1541)  (1427,1539)  (1427,1573)  (1290,1507)  (1258,1575)  (1258,1541)  (1256,1507)
Ise  (1421,1430)  (1387,1441)  (1453,1464)  (1429,1396)  (1463,1376)  (1427,1362)  (1497,1365)  (1531,1358)
Hizen  (402,626)  (368,642)  (368,608)  (436,629)  (363,574)  (301,610)
Shinano South  (1767,1450)  (1733,1469)  (1733,1435)  (1800,1484)  (1801,1426)  (1751,1401)  (1766,1503)
Musashi  (2074,1610)  (2107,1644)  (2073,1644)  (2044,1576)  (2078,1576)
sz4  (1058,417)  (1024,450)  (1024,416)  (1091,451)  (1058,383)  (1092,383)  (1092,417)  (1022,382)  (990,479)  (990,445)  (1125,451)  (1126,354)  (1126,388)  (988,411)  (988,377)  (956,479)  (956,445)  (1159,422)  (1159,456)  (1160,354)  (1160,388)  (1181,513)  (1193,422)  (1193,456)  (1194,354)  (1194,388)  (1212,547)
sz3  (764,424)  (730,457)  (730,423)  (797,458)  (764,390)  (798,390)  (798,424)  (728,389)  (696,479)  (696,445)  (831,458)  (762,356)  (796,356)  (830,356)  (832,390)  (832,424)  (694,411)  (694,377)  (728,355)  (864,354)  (662,472)  (865,458)  (866,388)  (866,422)  (660,438)  (660,404)  (660,370)  (898,354)  (628,472)  (899,456)  (900,388)  (900,422)  (626,438)  (626,404)  (626,370)  (594,472)  (592,438)  (592,404)  (592,370)
sz49  (2738,1799)  (2704,1832)  (2704,1798)  (2771,1833)  (2738,1765)  (2772,1765)  (2772,1799)  (2702,1764)  (2670,1846)  (2670,1812)  (2805,1833)  (2806,1746)  (2806,1780)  (2668,1778)  (2839,1814)  (2840,1746)  (2840,1780)  (2873,1814)  (2874,1746)  (2874,1780)
sz6  (317,553)  (292,519)  (283,568)  (262,607)  (249,573)  (393,510)  (259,641)  (427,508)
sz5  (181,669)  (147,680)  (147,646)  (214,703)  (181,635)  (180,714)  (123,612)  (157,601)  (191,601)  (181,567)  (292,781)  (258,806)  (326,774)  (375,698)
sz47  (2521,1794)  (2487,1827)  (2487,1793)  (2554,1828)  (2521,1760)  (2555,1760)  (2555,1794)  (2485,1759)  (2453,1846)  (2453,1812)  (2588,1828)  (2589,1746)  (2589,1780)  (2451,1778)
sz48  (2737,1609)  (2703,1642)  (2703,1608)  (2770,1643)  (2737,1575)  (2771,1575)  (2771,1609)  (2701,1574)  (2736,1676)  (2702,1676)  (2669,1642)  (2669,1608)  (2804,1643)  (2804,1677)  (2770,1677)  (2668,1677)  (2780,1541)  (2805,1575)  (2805,1609)  (2667,1574)  (2667,1540)  (2701,1540)  (2814,1532)  (2736,1710)  (2702,1710)  (2635,1643)  (2635,1609)  (2838,1643)  (2838,1677)  (2838,1711)  (2804,1711)  (2770,1711)  (2668,1711)  (2634,1711)  (2634,1677)  (2839,1566)  (2839,1600)  (2633,1575)  (2633,1541)  (2662,1506)  (2696,1506)  (2838,1498)  (2848,1532)  (2872,1486)  (2872,1634)  (2872,1668)  (2872,1702)  (2873,1566)  (2873,1600)
Sagami  (1975,1698)  (1941,1688)  (2009,1724)
sz45  (2332,1955)  (2298,1976)  (2298,1942)  (2366,1935)  (2366,1969)  (2264,1976)  (2264,1942)
sz2  (422,420)  (388,453)  (388,419)  (455,454)  (422,386)  (456,386)  (456,420)  (386,385)  (354,475)  (354,441)  (489,454)  (490,354)  (490,388)  (352,407)  (352,373)  (320,477)  (320,443)  (523,422)  (523,456)  (524,354)  (524,388)  (318,409)  (318,375)  (286,478)  (286,444)  (557,422)  (557,456)  (558,355)
sz46  (2535,1680)  (2501,1711)  (2501,1677)  (2550,1646)  (2569,1680)  (2584,1631)  (2467,1711)  (2433,1710)
sz1  (157,424)  (123,457)  (123,423)  (190,458)  (157,390)  (191,390)  (191,424)  (121,389)  (89,468)  (89,434)  (224,458)  (155,356)  (189,356)  (223,356)  (225,390)  (225,424)  (87,400)  (87,366)  (121,355)  (85,502)  (115,536)  (81,536)  (76,570)
sz43  (2061,1769)
sz44  (2332,1839)  (2298,1872)  (2298,1838)  (2365,1873)  (2332,1805)  (2366,1805)  (2366,1839)  (2296,1804)  (2264,1900)  (2264,1866)  (2330,1771)  (2364,1771)  (2398,1771)  (2262,1832)  (2289,1770)  (2340,1737)  (2374,1737)
sz41  (1937,1916)  (1903,1949)  (1903,1915)  (1970,1950)  (1971,1891)  (1901,1881)  (1869,1976)  (1869,1942)  (2004,1925)  (2004,1959)  (2005,1889)  (1867,1908)  (1867,1874)  (1901,1847)  (2038,1923)  (2038,1957)
sz42  (2155,1924)  (2121,1957)  (2121,1923)  (2188,1958)  (2155,1890)  (2189,1890)  (2189,1924)  (2119,1889)  (2087,1976)  (2087,1942)
Tosa  (857,1095)  (823,1099)  (862,1061)  (891,1095)  (901,1129)  (789,1099)  (935,1111)  (935,1145)  (942,1179)  (755,1126)  (755,1092)  (947,1213)  (721,1118)  (721,1084)  (687,1120)
sz40  (1927,1765)  (1942,1799)  (1908,1799)  (1919,1731)  (1961,1755)
Shimosa  (2236,1714)  (2202,1747)  (2202,1713)  (2246,1748)  (2236,1680)  (2270,1680)  (2270,1714)  (2200,1679)  (2168,1722)  (2304,1667)  (2304,1701)  (2166,1688)  (2338,1672)
Omi  (1518,1298)  (1484,1323)  (1484,1289)  (1587,1229)
Wakasa  (1531,1200)
sz7  (564,556)  (530,588)  (530,554)  (597,590)  (564,522)  (598,522)  (598,556)  (527,520)  (496,560)  (631,590)  (632,507)  (632,541)  (493,526)  (637,624)
sz8  (779,570)  (745,583)  (745,549)  (812,604)  (779,536)  (813,536)  (813,570)  (778,617)  (723,515)  (711,581)  (846,604)  (846,638)  (812,638)  (847,514)  (847,548)  (689,547)
Bizen  (1153,1018)
sz9  (1011,606)  (977,639)  (977,605)  (1044,640)  (1011,572)  (1045,572)  (1045,606)  (975,571)  (1010,673)  (976,673)  (943,639)  (943,605)  (1078,640)  (1078,674)  (1044,674)  (942,674)  (1009,538)  (1043,538)  (1077,538)  (1079,572)  (1079,606)  (941,571)  (941,537)  (975,537)  (1111,514)  (909,640)  (909,606)  (1113,548)  (1113,582)  (907,572)  (907,538)  (1145,514)
sz56  (2824,984)  (2790,1017)  (2790,983)  (2824,950)  (2858,950)  (2858,984)  (2788,949)  (2789,1051)  (2756,1017)  (2756,983)  (2755,1052)  (2822,916)  (2856,916)  (2890,916)  (2892,950)  (2892,984)  (2754,949)  (2754,915)  (2788,915)  (2924,903)  (2796,1085)  (2722,1018)  (2722,984)  (2762,1086)  (2728,1086)  (2721,1052)  (2720,950)  (2720,916)  (2958,903)  (2747,1120)  (2713,1120)  (2992,903)
Mutsu North  (3102,1092)  (3068,1125)  (3068,1066)  (3127,1126)  (3102,1058)  (3136,1077)  (3041,1032)  (3115,1160)  (3007,1049)  (3041,998)  (3075,995)  (3212,982)  (3227,1016)  (3219,948)  (3110,941)
sz57  (2576,855)  (2542,888)  (2542,854)  (2576,821)  (2610,821)  (2610,855)  (2540,820)  (2508,888)  (2508,854)  (2644,806)  (2644,840)  (2644,874)  (2506,820)  (2474,888)  (2474,854)  (2472,820)
Mutsu South  (2730,1438)  (2696,1443)  (2696,1409)  (2763,1472)  (2730,1404)  (2764,1404)  (2764,1438)  (2662,1467)  (2662,1433)  (2700,1370)  (2734,1370)  (2798,1441)  (2628,1470)  (2628,1436)  (2594,1453)
sz58  (2492,1032)  (2458,1065)  (2458,1031)  (2525,1066)  (2492,998)  (2526,998)  (2526,1032)  (2456,997)  (2424,1095)  (2424,1061)  (2559,1066)  (2490,964)  (2524,964)  (2558,964)  (2560,998)  (2560,1032)  (2422,1027)  (2422,993)  (2456,963)  (2418,959)  (2592,932)  (2390,1081)  (2593,1066)  (2490,930)  (2524,930)  (2558,930)  (2594,966)  (2594,1000)  (2388,1047)  (2388,1013)  (2452,929)  (2384,979)  (2384,945)  (2418,925)  (2626,923)  (2627,1034)  (2627,1068)  (2628,957)  (2628,991)  (2354,1074)  (2354,1040)  (2350,1006)  (2350,972)  (2350,938)  (2660,923)  (2661,1025)  (2661,1059)  (2661,1093)  (2662,957)  (2662,991)
sz59  (2492,1179)  (2458,1212)  (2458,1178)  (2525,1213)  (2492,1145)  (2526,1145)  (2526,1179)  (2456,1144)  (2441,1246)  (2424,1212)  (2424,1178)  (2560,1130)  (2560,1164)  (2560,1198)  (2422,1144)  (2390,1239)  (2390,1205)  (2594,1130)  (2594,1164)  (2388,1171)  (2628,1130)  (2628,1164)  (2662,1130)
Iwami  (966,726)  (932,724)  (999,760)  (898,739)  (1033,734)  (864,736)
Mimasaka  (1226,967)  (1192,952)  (1238,1001)  (1207,918)
Satsuma  (209,875)  (175,908)  (175,874)  (109,933)  (75,949)
sz50  (2981,1690)  (2947,1723)  (2947,1689)  (3014,1724)  (2981,1656)  (3015,1656)  (3015,1690)  (2945,1655)  (2980,1757)  (2946,1757)  (2913,1723)  (2913,1689)  (3048,1724)  (3048,1758)  (3014,1758)  (2979,1622)  (3013,1622)  (3047,1622)  (3049,1656)  (3049,1690)  (2913,1621)  (2947,1588)  (2981,1588)  (3015,1588)  (3049,1588)  (2913,1587)
sz51  (3042,1471)  (3008,1504)  (3008,1470)  (3075,1505)  (3042,1437)  (3076,1437)  (3076,1471)  (3006,1436)  (3041,1538)  (3007,1538)  (2974,1504)  (2974,1470)  (3109,1505)  (3109,1539)  (3075,1539)  (2973,1539)  (3071,1403)  (3105,1403)  (3110,1437)  (3110,1471)  (2940,1505)  (2940,1471)  (2939,1547)  (3091,1369)  (3125,1369)  (3116,1335)  (3123,1301)
sz52  (3214,1370)  (3180,1403)  (3180,1369)  (3247,1404)  (3214,1336)  (3248,1336)  (3248,1370)  (3178,1335)  (3213,1437)  (3179,1437)  (3281,1404)  (3281,1438)  (3247,1438)  (3212,1302)  (3246,1302)  (3280,1302)  (3282,1336)  (3282,1370)  (3168,1301)  (3213,1471)  (3179,1471)  (3293,1472)  (3259,1472)  (3202,1268)  (3236,1268)  (3270,1268)  (3168,1267)  (3225,1505)  (3191,1505)  (3293,1506)  (3259,1506)  (3202,1234)  (3236,1234)  (3270,1234)  (3168,1233)  (3225,1539)  (3191,1539)  (3293,1540)  (3259,1540)
sz53  (3252,1109)  (3218,1142)  (3218,1108)  (3285,1143)  (3252,1075)  (3286,1075)  (3286,1109)  (3184,1171)  (3184,1137)  (3283,1041)  (3168,1026)  (3161,992)  (3292,979)  (3270,945)  (3167,934)  (3201,904)  (3165,900)  (3235,900)  (3214,866)
sz54  (3078,872)  (3063,906)  (3046,838)  (3080,838)  (3112,872)  (3046,804)  (3080,804)
sz55  (2903,835)  (2869,868)  (2869,834)  (2903,801)  (2937,801)  (2937,835)  (2867,800)  (2835,868)  (2835,834)  (2971,785)  (2971,819)  (2971,853)  (2833,800)  (2801,868)  (2801,834)  (3005,785)  (3005,819)  (3005,853)  (2799,800)  (2767,868)  (2767,834)  (2765,800)  (2733,868)  (2733,834)  (2731,800)
sza  (998,1001)  (991,1035)
szb  (1185,1111)  (1151,1126)  (1151,1092)
Harima  (1310,1127)  (1276,1114)  (1343,1161)  (1309,1161)  (1310,1093)  (1262,1080)  (1347,1195)  (1264,1046)
sze  (1510,746)  (1476,754)  (1476,720)  (1544,714)  (1544,748)  (1442,723)  (1578,714)  (1578,748)
Etchu  (1907,1221)  (1873,1208)  (1940,1255)  (1907,1187)  (1870,1174)  (1974,1223)  (1974,1257)  (1904,1153)
Echigo  (2159,1315)  (2125,1348)  (2125,1314)  (2192,1349)  (2193,1292)  (2123,1280)  (2158,1382)  (2091,1337)  (2226,1326)  (2226,1360)  (2192,1383)  (2227,1292)  (2089,1303)  (2089,1269)  (2240,1394)  (2260,1326)  (2260,1360)  (2261,1289)  (2055,1315)  (2055,1281)  (2045,1247)  (2294,1323)  (2295,1282)  (2328,1316)  (2329,1275)  (2336,1350)  (2362,1309)  (2370,1343)  (2396,1299)  (2404,1333)  (2430,1294)  (2464,1292)  (2498,1275)
szc  (1038,1286)  (1004,1298)  (1072,1295)
szd  (1776,1791)  (1742,1804)  (1741,1770)  (1810,1787)  (1708,1804)  (1707,1770)  (1844,1780)
Aki  (954,815)  (920,815)  (979,849)  (945,849)  (919,781)  (988,812)  (976,883)  (942,883)  (885,810)
Chikuzen  (528,708)  (494,741)  (494,707)  (561,742)  (528,674)  (562,674)  (562,708)  (492,673)  (460,707)  (561,776)  (551,640)  (596,676)
Yamashira  (1340,1269)  (1306,1298)  (1374,1256)
sz69  (1734,849)  (1700,882)  (1700,848)  (1767,883)  (1734,815)  (1768,815)  (1768,849)  (1698,814)
sz67  (1800,1047)  (1766,1080)  (1766,1046)  (1833,1081)  (1800,1013)  (1834,1013)  (1834,1047)  (1764,1012)
sz68  (1797,947)  (1763,967)  (1763,933)  (1831,922)  (1831,956)
Noto  (2023,1066)
sz61  (2170,998)  (2136,1031)  (2136,997)  (2203,1032)  (2170,964)  (2204,964)  (2204,998)  (2134,963)  (2169,1065)  (2135,1065)  (2102,1031)  (2102,997)  (2237,1032)  (2237,1066)  (2203,1066)  (2168,930)  (2202,930)  (2236,930)  (2238,964)  (2238,998)  (2100,963)  (2100,929)  (2134,929)  (2270,922)  (2068,1040)  (2068,1006)  (2271,1032)  (2271,1066)  (2272,956)  (2272,990)  (2066,972)  (2066,938)  (2304,922)  (2034,1019)  (2305,1024)  (2305,1058)  (2306,956)  (2306,990)  (2032,985)  (2032,951)
sz62  (2175,1150)  (2141,1164)  (2141,1130)  (2175,1116)  (2209,1116)  (2209,1150)  (2107,1171)  (2107,1137)  (2243,1107)  (2243,1141)
sz60  (2265,843)  (2231,876)  (2231,842)  (2298,877)  (2265,809)  (2299,809)  (2299,843)  (2229,808)  (2197,887)  (2197,853)  (2332,877)  (2333,806)  (2333,840)  (2195,819)  (2163,887)  (2163,853)  (2366,874)  (2367,806)  (2367,840)  (2161,819)  (2400,874)  (2401,806)  (2401,840)
sz65  (1928,994)  (1918,1028)  (1899,960)  (1933,960)  (1962,994)  (1967,955)  (1908,1062)  (1899,926)  (1933,926)
sz66  (1965,859)  (1931,887)  (1931,853)  (1965,825)  (1999,825)  (1999,859)  (1924,819)  (1897,887)  (1897,853)  (2033,806)  (2033,840)  (2033,874)  (1890,819)  (1863,887)  (1863,853)  (2067,806)  (2067,840)  (2067,874)  (1856,819)  (1829,887)  (1829,853)  (2101,806)  (2101,840)  (2101,874)
sz63  (2218,1218)  (2184,1250)  (2184,1216)  (2244,1252)  (2252,1216)  (2150,1238)  (2150,1204)  (2286,1214)  (2116,1223)  (2320,1215)
sz64  (2011,1140)  (1977,1166)  (2044,1174)  (2045,1115)
Bichu  (1125,937)  (1091,970)  (1138,903)
Higo  (391,845)  (357,876)  (357,842)  (397,811)  (425,845)  (431,805)  (346,910)  (323,876)  (459,839)  (414,771)  (312,914)  (448,757)  (289,865)
Sado  (2304,1155)  (2330,1119)
sz75  (1532,1005)  (1498,1014)  (1542,971)  (1576,961)
sz74  (1557,1112)  (1523,1131)  (1560,1078)
sz77  (1345,801)  (1311,834)  (1311,800)  (1378,835)  (1345,767)  (1379,767)  (1379,801)  (1344,868)  (1310,868)  (1277,821)  (1412,835)  (1395,869)  (1364,733)  (1413,763)  (1413,797)  (1361,902)
sz76  (1481,902)  (1447,935)  (1447,901)  (1508,936)  (1481,868)  (1515,868)  (1515,902)  (1465,969)  (1413,940)  (1477,834)  (1549,897)
sz71  (1618,858)  (1584,863)  (1584,829)  (1618,824)  (1652,824)  (1652,858)  (1550,828)
sz70  (1688,736)  (1654,769)  (1654,735)  (1721,770)  (1722,714)  (1620,771)  (1620,737)  (1755,748)  (1756,714)  (1789,748)  (1790,714)
sz73  (1653,1087)  (1619,1083)  (1653,1053)  (1687,1053)  (1687,1087)
sz72  (1654,977)  (1620,1010)  (1620,976)  (1687,1011)  (1654,943)  (1688,943)  (1688,977)  (1618,942)
sz79  (1369,537)  (1335,570)  (1335,536)  (1402,571)  (1369,503)  (1403,503)  (1403,537)  (1333,502)  (1368,604)  (1334,604)  (1301,570)  (1301,536)  (1436,571)  (1436,605)  (1402,605)  (1300,605)  (1367,469)  (1401,469)  (1435,469)  (1437,503)  (1437,537)  (1299,502)  (1299,468)  (1333,468)  (1469,437)  (1368,638)  (1267,571)  (1267,537)  (1470,571)  (1470,605)  (1470,639)  (1436,639)  (1402,639)  (1367,435)  (1401,435)  (1435,435)  (1471,471)  (1471,505)  (1265,503)  (1265,469)  (1265,435)  (1299,434)  (1333,434)  (1491,673)  (1457,673)  (1423,673)  (1389,673)
sz78  (1222,673)  (1188,706)  (1188,672)  (1255,707)  (1222,639)  (1256,639)  (1256,673)  (1186,638)  (1154,690)  (1289,707)  (1264,741)  (1290,664)  (1152,656)  (1163,604)  (1197,604)  (1323,698)
Tango  (1435,1165)  (1468,1199)  (1434,1199)  (1421,1131)  (1421,1097)  (1452,1047)
Totomi  (1731,1581)  (1697,1614)  (1697,1580)  (1740,1615)  (1745,1547)  (1765,1581)  (1663,1582)
Hoki  (1269,898)  (1300,932)  (1226,856)  (1334,953)  (1300,966)
Kii  (1186,1430)  (1152,1425)  (1213,1464)  (1179,1464)  (1186,1396)
Mino  (1651,1296)  (1617,1321)  (1633,1262)  (1667,1262)  (1678,1368)
Yamato  (1325,1370)  (1291,1403)  (1339,1336)  (1359,1370)  (1373,1322)  (1257,1417)  (1257,1383)
Kai  (2026,1670)  (2058,1705)  (2009,1618)
Suruga  (1920,1562)  (1886,1576)  (1886,1542)  (1953,1596)  (1920,1528)  (1954,1560)  (1919,1610)  (1852,1574)  (1910,1494)
Osumi  (190,1016)  (156,1034)  (222,949)
Sanuki  (1066,1097)
Mikawa  (1658,1480)  (1624,1510)  (1624,1476)  (1691,1514)  (1590,1471)
Izumo  (1135,776)  (1101,773)  (1134,810)  (1169,760)  (1169,794)
Mutsu  (2976,1305)  (2942,1338)  (2942,1304)  (3009,1339)  (2976,1271)  (3010,1271)  (3010,1305)  (2940,1270)  (2975,1372)  (2941,1372)  (2908,1338)  (2908,1304)  (3043,1339)  (3024,1373)  (2907,1373)  (2974,1237)  (3008,1237)  (3042,1237)  (3044,1271)  (3044,1305)  (2906,1270)  (2916,1236)  (3076,1205)  (2947,1406)  (2874,1339)  (2874,1305)  (2913,1407)  (2873,1394)  (2972,1203)  (3006,1203)  (3040,1203)  (3078,1239)  (2872,1271)  (2840,1360)  (2840,1326)  (2839,1399)  (3004,1169)  (3112,1218)  (2806,1350)
Izumi  (1225,1319)  (1191,1343)  (1259,1324)
Nagato  (733,683)  (699,707)  (699,673)  (766,717)  (706,639)  (800,689)  (800,723)
Bungo  (554,877)  (520,892)  (566,911)  (533,843)  (532,926)  (567,822)  (610,821)  (644,823)
Shinano  (1949,1383)  (1915,1416)  (1915,1382)  (1982,1417)  (1949,1349)  (1983,1349)  (1983,1383)  (1913,1348)  (1948,1450)  (1914,1450)  (1881,1416)  (1881,1382)  (2016,1417)  (2004,1451)  (1880,1451)  (1947,1315)  (1981,1315)  (2017,1349)  (2017,1383)  (1970,1484)  (1847,1392)  (1813,1386)
Kazusa  (2097,1821)  (2063,1854)  (2063,1820)  (2116,1787)  (2131,1821)  (2150,1780)  (2029,1850)  (2029,1816)  (2165,1814)  (2121,1746)  (2199,1808)
sz11  (113,840)  (79,873)  (79,839)  (117,874)  (113,806)  (147,806)  (45,881)  (45,847)  (144,772)  (181,793)
sz10  (67,734)  (33,767)  (33,733)  (78,768)  (67,700)  (101,701)  (112,735)  (18,801)  (52,666)
Suo  (805,812)  (791,778)
sz15  (440,1084)  (406,1117)  (406,1083)  (473,1118)  (440,1050)  (474,1050)  (474,1084)  (404,1049)  (372,1133)  (372,1099)  (474,1016)  (370,1065)
Shimotsuke  (2238,1560)  (2204,1593)  (2204,1559)  (2271,1594)  (2238,1526)  (2272,1526)  (2272,1560)  (2170,1581)  (2272,1628)  (2250,1492)
sz14  (278,1181)  (244,1214)  (244,1180)  (311,1215)  (278,1147)  (312,1147)  (312,1181)  (242,1146)  (277,1248)  (243,1248)  (324,1249)  (276,1113)  (310,1113)
sz13  (66,1122)  (32,1132)  (32,1098)  (99,1156)  (100,1104)  (7,1064)  (65,1188)  (133,1138)  (133,1172)  (99,1190)  (134,1104)  (31,1193)  (149,1206)  (0,1030)  (34,1029)  (65,1222)  (167,1138)  (167,1172)  (115,1224)  (31,1227)  (181,1240)  (0,996)  (34,995)  (81,1256)  (147,1258)  (47,1261)  (13,1261)
sz12  (732,855)  (698,888)  (698,854)  (765,889)  (697,820)  (664,895)  (799,880)  (799,914)  (765,923)  (680,786)  (714,786)  (646,783)  (801,948)  (833,862)  (833,896)  (680,752)  (835,930)  (636,749)  (636,715)
sz19  (628,1230)  (594,1263)  (594,1229)  (661,1264)  (628,1196)  (662,1196)  (662,1230)  (592,1195)  (627,1297)  (593,1297)  (560,1263)  (560,1229)  (695,1264)  (695,1298)  (661,1298)  (559,1298)  (626,1162)  (696,1174)  (696,1208)  (558,1195)  (558,1161)  (592,1161)
sz18  (443,1222)  (409,1255)  (409,1221)  (476,1256)  (443,1188)  (477,1188)  (477,1222)  (407,1187)  (375,1270)  (375,1236)  (373,1202)  (373,1168)
sz17  (614,1062)  (580,1095)  (580,1061)  (614,1028)  (578,1027)  (546,1117)  (546,1083)  (544,1049)  (544,1015)
Dewa  (2849,1177)  (2815,1210)  (2815,1176)  (2849,1143)  (2883,1143)  (2883,1177)  (2813,1142)  (2807,1244)  (2781,1210)  (2781,1176)  (2847,1109)  (2881,1109)  (2915,1109)  (2917,1143)  (2773,1252)  (2949,1077)  (2747,1205)  (2747,1171)  (2853,1075)  (2887,1075)  (2951,1111)  (2951,1145)  (2774,1286)  (2921,1043)  (2955,1043)  (2985,1093)  (2943,1009)  (3019,1096)  (2977,997)  (2965,963)
sz16  (642,956)  (608,985)  (676,968)
Kaga  (1779,1161)  (1745,1151)  (1772,1195)  (1813,1138)
Echizen  (1678,1187)  (1644,1194)  (1711,1221)  (1649,1153)  (1683,1153)
Tajima  (1374,1036)  (1340,1045)  (1374,1002)  (1408,1004)
Hida  (1790,1275)  (1756,1308)  (1756,1274)  (1823,1309)  (1790,1241)  (1824,1250)  (1743,1342)  (1857,1284)  (1709,1332)
Kozuke  (2112,1468)  (2078,1501)  (2078,1467)  (2145,1502)  (2112,1434)  (2146,1434)  (2146,1468)  (2076,1433)  (2044,1521)  (2044,1487)  (2180,1471)
Awa  (1042,1173)  (1008,1142)  (1075,1207)  (1041,1207)  (1007,1230)  (998,1108)  (1109,1191)
sz20  (834,1230)  (800,1263)  (800,1229)  (867,1264)  (834,1196)  (868,1196)  (868,1230)  (798,1195)  (833,1297)  (799,1297)  (766,1263)  (766,1229)  (901,1294)  (867,1298)  (765,1298)  (832,1162)  (902,1201)  (764,1195)  (935,1294)
Dewa South  (2589,1331)  (2555,1364)  (2622,1365)  (2564,1297)  (2598,1297)  (2623,1331)  (2632,1288)  (2583,1398)  (2525,1398)  (2521,1364)  (2577,1263)  (2657,1322)  (2657,1356)  (2611,1254)  (2645,1254)  (2666,1288)  (2679,1241)  (2491,1428)  (2487,1394)  (2487,1360)  (2691,1322)  (2700,1275)  (2682,1207)  (2457,1448)  (2453,1414)  (2423,1461)  (2419,1427)  (2419,1393)  (2389,1485)  (2385,1451)  (2355,1506)  (2351,1451)  (2343,1417)  (2317,1453)  (2309,1419)
Hyuga  (352,988)  (318,1021)  (318,987)  (353,954)  (386,988)  (387,953)  (284,1051)  (284,1017)  (284,983)  (420,987)  (387,919)  (421,919)  (421,953)  (276,949)  (250,1064)  (250,1030)  (250,996)  (455,897)  (455,931)  (455,965)
sz22  (1058,1032)
sz21  (941,964)  (951,998)  (905,927)
sz24  (537,1352)  (503,1373)  (503,1339)  (571,1334)  (571,1368)  (489,1305)  (469,1373)  (469,1339)  (605,1334)  (605,1368)  (455,1305)  (435,1373)  (435,1339)
sz23  (268,1346)  (234,1372)  (234,1338)  (268,1312)  (302,1312)  (302,1346)  (200,1372)  (200,1338)  (336,1307)  (336,1341)  (166,1372)  (166,1338)  (370,1305)  (370,1339)  (394,1373)
sz26  (966,1362)  (932,1373)  (932,1339)  (1000,1334)  (1000,1368)  (898,1373)  (898,1339)  (1034,1334)  (1034,1368)
Hitachi  (2453,1576)  (2419,1609)  (2419,1575)  (2486,1610)  (2453,1542)  (2487,1542)  (2487,1576)  (2417,1541)  (2452,1643)  (2418,1643)  (2385,1609)  (2385,1575)  (2451,1508)  (2485,1508)  (2519,1508)  (2521,1542)  (2521,1576)  (2351,1626)  (2351,1592)  (2504,1474)  (2538,1474)  (2555,1535)  (2555,1569)  (2317,1609)
sz25  (760,1358)  (726,1373)  (726,1339)  (794,1334)  (794,1368)  (692,1373)  (692,1339)  (828,1334)  (828,1368)  (658,1373)  (658,1339)
sz28  (1152,1249)  (1118,1268)  (1162,1283)
sz27  (1104,1354)  (1070,1373)  (1070,1339)
sz29  (1228,1167)  (1194,1166)  (1279,1220)  (1245,1226)  (1576,1419)  (1589,1384)  (1610,1418)  (1623,1362)